190
250
50
50
70
90
270
50
110
130
190
270
210
70
70
90
250
90
250
270
210
130
70
330
110
50
50
50
70
390
90
370
50
50
50
170
370
50
70
250
70
150
70
50
70
70
90
70
170
90
250
70
170
130
70
90
50
130
350
330
230
110
50
310
250
50
130
50
590
590
350
50
250
90
70
50
50
70
50
350
290
70
630
50
90
270
50
130
250
50
90
210
90
90
410
290
110
70
70
70
90
190
210
190
90
70
270
70
50
150
110
70
130
50
350
90
50
50
90
110
70
70
110
90
90
110
50
90
130
90
90
70
90
130
190
50
50
50
110
70
50
150
110
70
70
90
50
50
70
170
210
90
70
370
50
370
250
50
410
50
50
150
70
50
50
90
90
190
90
450
110
50
110
230
210
230
90
210
50
90
90
110
230
90
50
230
90
110
310
110
90
70
290
170
90
70
90
70
50
110
50
90
50
130
70
90
250
230
410
50
50
90
170
50
50
90
50
150
50
210
70
70
50
70
50
70
90
270
130
90
150
50
150
50
90
290
90
110
70
350
50
90
70
70
90
90
430
70
70
370
50
350
50
70
110
130
50
170
150
50
50
70
510
50
310
70
70
50
270
110
50
50
150
150
50
110
430
110
50
70
290
110
50
50
410
570
70
90
50
350
70
70
90
50
90
70
70
130
170
70
230
90
270
70
310
50
450
70
90
150
190
50
130
250
130
70
50
50
110
190
70
110
70
430
90
190
250
50
370
70
50
210
210
90
70
70
70
70
90
150
210
310
190
70
50
90
50
470
90
450
450
190
90
70
90
150
110
70
190
50
90
250
70
250
250
150
130
130
50
50
390
90
50
330
70
130
250
110
50
70
50
90
50
210
50
70
50
90
250
130
130
90
170
110
50
50
110
50
650
170
110
430
70
90
510
90
70
50
110
130
130
230
130
130
190
90
50
90
250
90
130
430
130
50
150
210
70
90
50
90
130
50
330
270
90
270
550
230
50
50
670
550
50
570
50
50
230
50
90
270
70
50
270
230
50
50
70
50
290
250
50
90
50
210
130
90
190
90
70
70
70
290
210
350
270
70
390
50
110
50
50
210
50
50
110
50
50
130
50
50
50
50
70
210
390
70
190
90
510
230
270
50
50
270
210
90
70
230
190
230
350
50
70
70
90
50
170
130
230
50
70
90
70
90
150
50
350
730
90
110
70
70
190
50
50
70
70
70
70
110
170
50
250
50
50
90
70
150
90
90
90
90
250
50
410
90
70
70
90
50
210
90
70
110
50
170
110
70
430
270
390
50
110
50
50
90
190
170
190
50
130
110
50
210
190
50
90
530
250
330
90
990
170
70
130
230
470
470
290
50
70
230
90
50
50
110
50
210
50
390
230
50
50
230
450
50
390
70
50
210
90
50
210
50
250
50
70
50
90
250
50
90
90
50
70
370
90
50
270
70
410
490
70
50
90
110
50
90
630
170
170
690
130
90
110
230
150
110
70
90
230
190
50
90
90
50
50
110
190
50
90
70
50
90
90
50
70
370
90
70
310
50
90
50
70
210
110
70
50
470
70
50
90
70
190
70
70
50
70
170
130
50
70
90
70
70
70
90
230
50
250
370
390
250
170
50
530
90
70
90
330
190
270
50
110
90
110
50
90
50
210
50
70
90
90
50
90
230
70
290
70
70
250
70
110
70
90
70
110
70
370
150
150
470
50
190
50
490
170
70
130
110
70
70
110
230
90
350
190
70
70
170
90
50
250
90
190
250
50
210
110
210
90
90
70
70
270
50
70
230
50
50
470
210
50
70
210
50
150
90
70
70
50
110
50
230
70
90
70
410
110
110
210
310
250
270
390
50
50
50
310
50
50
70
250
70
130
270
50
70
90
50
150
90
70
70
130
270
490
110
70
50
50
150
70
70
110
50
50
90
50
70
150
70
90
70
410
350
150
150
50
90
70
290
50
90
170
70
70
90
210
50
90
110
110
50
90
250
290
210
390
90
50
70
70
70
350
50
130
90
70
50
270
250
110
170
70
70
70
70
50
110
70
110
70
50
70
190
410
70
50
590
330
270
370
150
330
330
70
110
70
70
170
90
90
390
70
170
70
70
130
50
90
210
130
230
90
110
110
110
190
130
390
170
530
90
70
70
70
410
50
70
70
70
190
50
70
170
490
350
130
50
550
130
230
110
390
150
130
110
210
50
110
50
230
110
50
70
90
110
70
50
50
110
70
210
50
70
110
110
130
50
90
150
70
390
130
50
150
450
90
270
50
50
70
210
70
50
310
90
50
130
50
50
70
110
50
90
50
90
70
50
50
50
50
110
170
50
70
230
110
50
70
90
110
50
70
90
110
510
50
290
150
150
250
130
